0.7437106918238994
0.7421383647798742
0.7429245283018868
0.7484276729559748
0.7505896226415094
0.7468553459119497
0.7494103773584906
0.7354559748427673
0.7474449685534591
0.745872641509434
0.7435141509433962
0.75687893081761
0.745872641509434
0.7588443396226415
0.7515723270440252
0.7429245283018868
0.7584512578616353
0.7480345911949685
0.7570754716981132
0.7643474842767296
0.0422562893081761
0.4050707547169811
0.4129323899371069
0.4473270440251572
0.4314072327044025
0.46540880503144655
0.4648191823899371
0.4722877358490566
0.47209119496855345
0.4773977987421384
0.46855345911949686
0.40959119496855345
0.49056603773584906
0.49488993710691825
0.47523584905660377
0.49665880503144655
0.4846698113207547
0.486438679245283
0.5208333333333334
0.5249606918238994
0.4025157232704403
0.5400943396226415
0.38266509433962265
0.5949292452830188
0.7034198113207547
0.6707940251572327
0.6764937106918238
0.7181603773584906
0.6951650943396226
0.7425314465408805
0.5680031446540881
0.6977201257861635
0.7154088050314465
0.7104952830188679
0.7191430817610063
0.6279481132075472
0.5035377358490566
0.5505110062893082
0.7517688679245284
0.6179245283018868
0.4105738993710692
0.8119103773584906
0.6401336477987422
0.8150550314465409
0.44948899371069184
0.6238207547169812
0.8130896226415094
0.8394261006289309
0.8502358490566038
0.8510220125786163
0.85062893081761
0.8103380503144654
0.8632075471698113
0.8744103773584906
0.8696933962264151
0.8382468553459119
0.8134827044025157
0.7360455974842768
0.5184748427672956
0.710691823899371
0.8276336477987422
0.8610455974842768
0.7645440251572327
0.566627358490566
0.9319968553459119
0.9589229559748428
0.956564465408805
0.8040487421383647
0.4001572327044025
0.9569575471698113
0.8614386792452831
0.9119496855345912
0.9587264150943396
0.8696933962264151
0.9119496855345912
0.8897405660377359
0.8480738993710691
0.9561713836477987
0.9249213836477987
0.9671776729559748
0.9433962264150944
0.7783018867924528
0.5485455974842768
0.8903301886792453
0.7926493710691824
0.9394654088050315
0.4840801886792453
0.6342374213836478
0.7053852201257862
0.45970911949685533
0.6420990566037735
0.9758254716981132
0.6120283018867925
0.7781053459119497
0.9477201257861635
0.5387185534591195
0.9174528301886793
0.9654088050314465
0.5626965408805031
0.5318396226415094
0.3761792452830189
0.3543632075471698
0.6051493710691824
0.6904481132075472
0.4791666666666667
0.47523584905660377
0.5953223270440252
0.8687106918238994
0.9426100628930818
0.6894654088050315
0.9699292452830188
0.8217374213836478
0.9748427672955975
0.6796383647798742
0.8840408805031447
0.4679638364779874
0.3897405660377358
0.35750786163522014
0.4257075471698113
0.4768081761006289
0.9323899371069182
0.9732704402515723
0.9738600628930818
0.953812893081761
0.47287735849056606
0.40349842767295596
0.4713050314465409
0.483687106918239
0.5082547169811321
0.7254323899371069
0.6346305031446541
0.9502751572327044
0.9738600628930818
0.9773977987421384
0.93062106918239
0.8323506289308176
0.9439858490566038
0.8535770440251572
0.6165487421383647
0.47818396226415094
0.9300314465408805
0.9716981132075472
0.6933962264150944
0.4158805031446541
0.3976022012578616
0.04893867924528302
0.036556603773584904
0.027319182389937108
0.023191823899371068
0.03891509433962264
0.022995283018867923
0.02574685534591195
0.02397798742138365
0.021029874213836477
0.03419811320754717
0.02122641509433962
0.05404874213836478
0.059355345911949686
0.05955188679245283
0.05856918238993711
0.05915880503144654
0.05915880503144654
0.04029088050314465
0.05522798742138365
0.021029874213836477
0.030660377358490566
0.02830188679245283
0.02830188679245283
0.021816037735849055
0.03970125786163522
0.02240566037735849
0.020636792452830188
0.030267295597484277
0.0294811320754717
0.3746069182389937
0.980935534591195
0.9752358490566038
0.9785770440251572
0.8425707547169812
0.3767688679245283
0.7448899371069182
0.8801100628930818
0.6894654088050315
0.6177279874213837
0.4137185534591195
0.3345125786163522
0.42177672955974843
0.5748820754716981
0.9634433962264151
0.9642295597484277
0.6527122641509434
0.8091588050314465
0.6312893081761006
0.8457154088050315
0.7150157232704403
0.6232311320754716
0.5349842767295597
0.8014937106918238
0.8079795597484277
0.9007468553459119
0.5843160377358491
0.7246462264150944
0.5764544025157232
0.3824685534591195
0.99312106918239
0.9887971698113207
0.6849449685534591
0.9923349056603774
0.9591194968553459
0.7095125786163522
0.9506682389937107
0.6768867924528302
0.9823113207547169
0.9390723270440252
0.9353380503144654
0.9889937106918238
0.9732704402515723
0.7822327044025157
0.7533411949685535
0.5497248427672956
0.949685534591195
0.9622641509433962
0.9707154088050315
0.9748427672955975
0.9770047169811321
0.4699292452830189
0.8380503144654088
0.9783805031446541
0.9561713836477987
0.5630896226415094
0.5623034591194969
0.9561713836477987
0.9722877358490566
0.9897798742138365
0.9249213836477987
0.9384827044025157
0.938875786163522
0.7352594339622641
0.9777908805031447
0.48997641509433965
0.8404088050314465
0.5849056603773585
0.9219732704402516
0.9960691823899371
0.6829795597484277
0.5644654088050315
0.5862814465408805
0.7218946540880503
0.9880110062893082
0.9876179245283019
0.8590801886792453
0.7478380503144654
0.39327830188679247
0.9860455974842768
0.7099056603773585
0.5363600628930818
0.7948113207547169
0.9842767295597484
0.9514544025157232
0.96875
0.9483097484276729
0.9815251572327044
0.9793632075471698
0.8309748427672956
0.5351808176100629
0.6713836477987422
0.9316037735849056
0.6914308176100629
0.5035377358490566
0.9905660377358491
0.3915094339622642
0.75
0.8529874213836478
0.9091981132075472
0.9262971698113207
0.8901336477987422
0.9630503144654088
0.6246069182389937
0.8164308176100629
0.9852594339622641
0.9359276729559748
0.5302672955974843
0.9593160377358491
0.9675707547169812
0.9943003144654088
0.9907625786163522
0.9577437106918238
0.9052672955974843
0.9923349056603774
0.804441823899371
0.9838836477987422
0.9418238993710691
0.8706761006289309
0.9593160377358491
0.5198506289308176
0.9390723270440252
0.9840801886792453
0.8109276729559748
0.7244496855345912
0.9406446540880503
0.9255110062893082
0.8577044025157232
0.9528301886792453
0.9760220125786163
0.9785770440251572
0.9695361635220126
0.9750393081761006
0.9764150943396226
0.9844732704402516
0.9534198113207547
0.83687106918239
0.9235455974842768
0.9832940251572327
0.9846698113207547
0.8840408805031447
0.9699292452830188
0.9921383647798742
0.9832940251572327
0.9363207547169812
0.8466981132075472
0.5294811320754716
0.664308176100629
0.7598270440251572
0.9907625786163522
0.9469339622641509
0.9815251572327044
0.9170597484276729
0.5051100628930818
0.8954402515723271
0.9913522012578616
0.6352201257861635
0.5654481132075472
0.5157232704402516
0.9909591194968553
0.9829009433962265
0.9795597484276729
0.9913522012578616
0.9848663522012578
0.8712657232704403
0.7407625786163522
0.6696147798742138
0.9760220125786163
0.6580188679245284
0.9445754716981132
0.9811320754716981
0.68062106918239
0.7384040880503144
0.8565251572327044
0.9654088050314465
0.9927279874213837
0.9944968553459119
0.5139544025157232
0.558372641509434
0.6350235849056604
0.8783411949685535
0.9599056603773585
0.9233490566037735
0.4404481132075472
0.9825078616352201
0.6536949685534591
0.8009040880503144
0.9204009433962265
0.9217767295597484
0.9304245283018868
0.9050707547169812
0.9866352201257862
0.9876179245283019
0.9905660377358491
0.42806603773584906
0.5031446540880503
0.5064858490566038
0.9249213836477987
0.9308176100628931
0.4939072327044025
0.9058569182389937
0.9249213836477987
0.7710298742138365
0.8529874213836478
0.7604166666666666
0.6289308176100629
0.6971305031446541
0.793435534591195
0.7592374213836478
0.6434748427672956
0.8565251572327044
0.8812893081761006
0.6324685534591195
0.7560927672955975
0.6900550314465409
0.9249213836477987
0.9266902515723271
0.9217767295597484
0.9249213836477987
0.9290487421383647
0.5113993710691824
0.4933176100628931
0.44084119496855345
0.9738600628930818
0.9711084905660378
0.5825471698113207
0.970125786163522
0.5157232704402516
0.4278694968553459
0.4479166666666667
0.297562893081761
0.3732311320754717
0.7523584905660378
0.7777122641509434
0.8233097484276729
0.875
0.5499213836477987
0.7395833333333334
0.9229559748427673
0.03046383647798742
0.052476415094339625
0.056800314465408806
0.05444182389937107
0.04716981132075472
0.030070754716981132
0.04815251572327044
0.8252751572327044
0.9278694968553459
0.8862028301886793
0.7525550314465409
0.6855345911949685
0.7920597484276729
0.8584905660377359
0.8946540880503144
0.7726022012578616
0.7452830188679245
0.4036949685534591
0.3290094339622642
0.45263364779874216
0.4180424528301887
0.7087264150943396
0.9815251572327044
0.6141902515723271
0.41823899371069184
0.96875
0.9939072327044025
0.9716981132075472
0.7299528301886793
0.3920990566037736
0.6185141509433962
0.883058176100629
0.059748427672955975
0.9215801886792453
0.9703223270440252
0.9579402515723271
0.8685141509433962
0.9899764150943396
0.9913522012578616
0.8101415094339622
0.9064465408805031
0.42413522012578614
0.8095518867924528
0.9699292452830188
0.9915487421383647
0.9909591194968553
0.9770047169811321
0.9941037735849056
0.9860455974842768
0.9636399371069182
0.9752358490566038
0.9280660377358491
0.9744496855345912
0.967374213836478
0.9343553459119497
0.9675707547169812
0.9868317610062893
0.9893867924528302
0.9939072327044025
0.9858490566037735
0.9681603773584906
0.9903694968553459
0.8069968553459119
0.983687106918239
0.9805424528301887
0.7932389937106918
0.42845911949685533
0.8292059748427673
0.7959905660377359
0.9084119496855346
0.6163522012578616
0.39622641509433965
0.7735849056603774
0.9825078616352201
0.5499213836477987
0.9760220125786163
0.9337657232704403
0.9125393081761006
0.9734669811320755
0.9321933962264151
0.9791666666666666
0.4915487421383648
0.7767295597484277
0.5605345911949685
0.9726808176100629
0.9394654088050315
0.9111635220125787
0.9231525157232704
0.5882468553459119
0.9868317610062893
0.7283805031446541
0.9889937106918238
0.5797955974842768
0.9899764150943396
0.9720911949685535
0.9793632075471698
0.9870283018867925
0.7582547169811321
0.766312893081761
0.9909591194968553
0.9868317610062893
0.9748427672955975
0.9880110062893082
0.980935534591195
0.5595518867924528
0.9683569182389937
0.4620676100628931
0.6407232704402516
0.7101022012578616
0.9650157232704403
0.7686713836477987
0.9834905660377359
0.9544025157232704
0.8828616352201258
0.7783018867924528
0.9178459119496856
0.9610849056603774
0.4318003144654088
0.4968553459119497
0.4768081761006289
0.373624213836478
0.42374213836477986
0.6407232704402516
0.8516116352201258
0.8693003144654088
0.9528301886792453
0.9162735849056604
0.7057783018867925
0.388561320754717
0.6601808176100629
0.3645833333333333
0.5194575471698113
0.902122641509434
0.9530267295597484
0.7556996855345912
0.9498820754716981
0.9813286163522013
0.9882075471698113
0.5055031446540881
0.6432783018867925
0.660377358490566
0.605935534591195
0.30306603773584906
0.4036949685534591
0.7030267295597484
0.9492924528301887
0.9608883647798742
0.9365172955974843
0.612814465408805
0.9803459119496856
0.9575471698113207
0.9510613207547169
0.59375
0.3706761006289308
0.30562106918238996
0.633058176100629
0.6768867924528302
0.563875786163522
0.6523191823899371
0.3897405660377358
0.633058176100629
0.8577044025157232
0.8852201257861635
0.3970125786163522
0.50687893081761
0.5799921383647799
0.3946540880503145
0.7240566037735849
0.9031053459119497
0.5367531446540881
0.9884040880503144
0.9773977987421384
0.8891509433962265
0.797562893081761
0.34394654088050314
0.3235062893081761
0.3602594339622642
0.5096305031446541
0.3944575471698113
0.9540094339622641
0.9903694968553459
0.508058176100629
0.9848663522012578
0.9282625786163522
0.8877751572327044
0.6460298742138365
0.35947327044025157
0.49292452830188677
0.4889937106918239
0.7140330188679245
0.4956761006289308
0.8616352201257862
0.921187106918239
0.741941823899371
0.9074292452830188
0.9648191823899371
0.3221305031446541
0.4638364779874214
0.5450078616352201
0.6939858490566038
0.49803459119496857
0.8970125786163522
0.985062893081761
0.9278694968553459
0.9886006289308176
0.8130896226415094
0.8498427672955975
0.7079402515723271
0.702437106918239
0.4074292452830189
0.5784198113207547
0.9235455974842768
0.8728380503144654
0.9895833333333334
0.872248427672956
0.9887971698113207
0.929441823899371
0.6808176100628931
0.8867924528301887
0.9742531446540881
0.9791666666666666
0.8856132075471698
0.8862028301886793
0.9711084905660378
0.9864386792452831
0.9862421383647799
0.7303459119496856
0.8983883647798742
0.7942216981132075
0.8806996855345912
0.8201650943396226
0.8977987421383647
0.9907625786163522
0.8413915094339622
0.9009433962264151
0.8915094339622641
0.5595518867924528
0.3977987421383648
0.7063679245283019
0.7203223270440252
0.804441823899371
0.6623427672955975
0.9858490566037735
0.9823113207547169
0.921187106918239
0.851808176100629
0.8406053459119497
0.9278694968553459
0.9760220125786163
0.5214229559748428
0.6458333333333334
0.769064465408805
0.778498427672956
0.9773977987421384
0.9359276729559748
0.9795597484276729
0.9483097484276729
0.9860455974842768
0.8364779874213837
0.9410377358490566
0.976808176100629
0.6623427672955975
0.6741352201257862
0.6924135220125787
0.6220518867924528
0.4683569182389937
0.3388364779874214
0.953812893081761
0.9154874213836478
0.7865566037735849
0.8883647798742138
0.3789308176100629
0.6102594339622641
0.47032232704402516
0.43966194968553457
0.049528301886792456
0.036556603773584904
0.03262578616352201
0.6556603773584906
0.8885613207547169
0.9247248427672956
0.9897798742138365
0.9899764150943396
0.9925314465408805
0.7920597484276729
0.860062893081761
0.9893867924528302
0.7873427672955975
0.9777908805031447
0.7993317610062893
0.8052279874213837
0.5949292452830188
0.46285377358490565
0.9532232704402516
0.9770047169811321
0.9893867924528302
0.9579402515723271
0.9288522012578616
0.9716981132075472
0.9088050314465409
0.6385613207547169
0.6660770440251572
0.9669811320754716
0.9811320754716981
0.9793632075471698
0.7551100628930818
0.9732704402515723
0.8905267295597484
0.9758254716981132
0.6177279874213837
0.9785770440251572
0.9612814465408805
0.8580974842767296
0.6350235849056604
0.9713050314465409
0.9789701257861635
0.9829009433962265
0.9827044025157232
0.9860455974842768
0.9927279874213837
0.9787735849056604
0.9921383647798742
0.9412342767295597
0.9803459119496856
0.9887971698113207
0.9718946540880503
0.9620676100628931
0.6334512578616353
0.8516116352201258
0.9709119496855346
0.9921383647798742
0.9909591194968553
0.9718946540880503
0.9901729559748428
0.9718946540880503
0.9640330188679245
0.6586084905660378
0.6381682389937107
0.8972091194968553
0.976808176100629
0.6591981132075472
0.8176100628930818
0.9891902515723271
0.9777908805031447
0.9773977987421384
0.9817216981132075
0.970125786163522
0.9174528301886793
0.8700864779874213
0.985062893081761
0.970125786163522
0.3634040880503145
0.3693003144654088
0.4858490566037736
0.7055817610062893
0.9050707547169812
0.9551886792452831
0.7238600628930818
0.8869889937106918
0.5841194968553459
0.8136792452830188
0.8046383647798742
0.8522012578616353
0.456564465408805
0.7191430817610063
0.8299921383647799
0.483687106918239
0.5218160377358491
0.018474842767295597
0.021029874213836477
0.021029874213836477
0.04500786163522012
0.040880503144654086
0.03125
0.0404874213836478
0.05345911949685535
0.020440251572327043
0.020047169811320754
0.01945754716981132
0.41705974842767296
0.4168632075471698
0.7130503144654088
0.6739386792452831
0.3830581761006289
0.8970125786163522
0.8189858490566038
0.8533805031446541
0.5599449685534591
0.8675314465408805
0.8020833333333334
0.3584905660377358
0.9321933962264151
0.9626572327044025
0.7273977987421384
0.6650943396226415
0.9628537735849056
0.9886006289308176
0.7706367924528302
0.8158411949685535
0.9011399371069182
0.5377358490566038
0.6884827044025157
0.9481132075471698
0.9775943396226415
0.9884040880503144
0.9205974842767296
0.7112814465408805
0.48250786163522014
0.36812106918238996
0.3675314465408805
0.9679638364779874
0.9777908805031447
0.7543238993710691
0.9856525157232704
0.9518474842767296
0.9858490566037735
0.9929245283018868
0.9469339622641509
0.9864386792452831
0.8411949685534591
0.9905660377358491
0.9033018867924528
0.9887971698113207
0.9838836477987422
0.9097877358490566
0.9644261006289309
0.6161556603773585
0.4724842767295597
0.9141116352201258
0.9889937106918238
0.9939072327044025
0.9880110062893082
0.9834905660377359
0.9302279874213837
0.6360062893081762
0.3854166666666667
0.9793632075471698
0.5737028301886793
0.985062893081761
0.9886006289308176
0.9884040880503144
0.9772012578616353
0.9852594339622641
0.9127358490566038
0.9868317610062893
0.9882075471698113
0.9775943396226415
0.9378930817610063
0.9367138364779874
0.9876179245283019
0.9913522012578616
0.9876179245283019
0.9327830188679245
0.9927279874213837
0.9011399371069182
0.9886006289308176
0.9927279874213837
0.9866352201257862
0.9911556603773585
0.952437106918239
0.7317216981132075
0.8571147798742138
0.8364779874213837
0.9488993710691824
0.8567216981132075
0.9862421383647799
0.035770440251572326
0.9738600628930818
0.9952830188679245
0.9858490566037735
0.9887971698113207
0.9369103773584906
0.9091981132075472
0.8058176100628931
0.9893867924528302
0.7897012578616353
0.9913522012578616
0.9695361635220126
0.9750393081761006
0.8317610062893082
0.8211477987421384
0.8502358490566038
0.9669811320754716
0.9791666666666666
0.8964229559748428
0.9400550314465409
0.9811320754716981
0.8553459119496856
0.983687106918239
0.8995676100628931
0.9921383647798742
0.9886006289308176
0.9941037735849056
0.9681603773584906
0.8767688679245284
0.9834905660377359
0.9748427672955975
0.4860455974842767
0.8520047169811321
0.7507861635220126
0.6340408805031447
0.9819182389937107
0.877751572327044
0.8934748427672956
0.9762185534591195
0.9257075471698113
0.8276336477987422
0.7653301886792453
0.8579009433962265
0.9669811320754716
0.9785770440251572
0.9424135220125787
0.9823113207547169
0.9901729559748428
0.9196147798742138
0.9785770440251572
0.9872248427672956
0.9817216981132075
0.4097877358490566
0.733687106918239
0.8384433962264151
0.6218553459119497
0.7102987421383647
0.9192216981132075
0.8333333333333334
0.8806996855345912
0.9243317610062893
0.722877358490566
0.7779088050314465
0.8034591194968553
0.39111635220125784
0.37401729559748426
0.7757468553459119
0.03793238993710692
0.0589622641509434
0.05837264150943396
0.0589622641509434
0.03812893081761006
0.055424528301886794
0.049135220125786166
0.04245283018867924
0.04540094339622641
0.022995283018867923
0.05404874213836478
0.05915880503144654
0.059355345911949686
0.05640723270440252
0.03753930817610063
0.0479559748427673
0.054638364779874216
0.03675314465408805
0.05915880503144654
0.054638364779874216
0.04658018867924528
0.03498427672955975
0.044221698113207544
0.05738993710691824
0.04147012578616352
0.05955188679245283
0.03891509433962264
0.05955188679245283
0.038325471698113206
0.03242924528301887
0.042059748427672954
0.054245283018867926
0.05915880503144654
0.03498427672955975
0.054638364779874216
0.042059748427672954
0.025943396226415096
0.0532625786163522
0.05955188679245283
0.04323899371069182
0.020636792452830188
0.03459119496855346
0.049921383647798745
0.05385220125786164
0.03812893081761006
0.0589622641509434
0.059355345911949686
0.7635613207547169
0.9860455974842768
0.9882075471698113
0.9544025157232704
0.9542059748427673
0.9781839622641509
0.5837264150943396
0.9823113207547169
0.9907625786163522
0.9976415094339622
0.9954795597484277
0.9602987421383647
0.9941037735849056
0.9874213836477987
0.6900550314465409
0.8801100628930818
0.9821147798742138
0.9724842767295597
0.9695361635220126
0.9832940251572327
0.972877358490566
0.9935141509433962
0.9935141509433962
0.9899764150943396
0.9300314465408805
0.9842767295597484
0.9685534591194969
0.9903694968553459
0.9886006289308176
0.9530267295597484
0.6324685534591195
0.90625
0.964622641509434
0.9821147798742138
0.9709119496855346
0.987814465408805
0.9276729559748428
0.6308962264150944
0.9363207547169812
0.9827044025157232
0.9803459119496856
0.7796776729559748
0.7574685534591195
0.8848270440251572
0.8928852201257862
0.9886006289308176
0.9793632075471698
0.9781839622641509
0.9948899371069182
0.9752358490566038
0.9948899371069182
0.8867924528301887
0.8783411949685535
0.7407625786163522
0.7739779874213837
0.6880896226415094
0.9876179245283019
0.9866352201257862
0.9887971698113207
0.985062893081761
0.9811320754716981
0.9479166666666666
0.9884040880503144
0.9854559748427673
0.8691037735849056
0.9298349056603774
0.987814465408805
0.9868317610062893
0.9913522012578616
0.9705188679245284
0.5159198113207547
0.7751572327044025
0.5412735849056604
0.6682389937106918
0.6220518867924528
0.38207547169811323
0.672562893081761
0.6273584905660378
0.754127358490566
0.9257075471698113
0.9864386792452831
0.9518474842767296
0.7358490566037735
0.820558176100629
0.6299135220125787
0.815251572327044
0.35672169811320753
0.7175707547169812
0.4773977987421384
0.3028694968553459
0.29638364779874216
0.4805424528301887
0.7189465408805031
0.6320754716981132
0.766312893081761
0.3693003144654088
0.7635613207547169
0.785377358490566
0.9410377358490566
0.8832547169811321
0.8119103773584906
0.6134040880503144
0.4498820754716981
0.3966194968553459
0.77437106918239
0.6586084905660378
0.8142688679245284
0.9876179245283019
0.9840801886792453
0.8608490566037735
0.9752358490566038
0.9720911949685535
0.9227594339622641
0.570558176100629
0.6171383647798742
0.44457547169811323
0.8728380503144654
0.4889937106918239
0.5005896226415094
0.933372641509434
0.9526336477987422
0.3767688679245283
0.5400943396226415
0.5418632075471698
0.933372641509434
0.9813286163522013
0.9854559748427673
0.9838836477987422
0.9943003144654088
0.9943003144654088
0.9862421383647799
0.9903694968553459
0.9838836477987422
0.7220911949685535
0.9626572327044025
0.8398191823899371
0.9773977987421384
0.9903694968553459
0.9276729559748428
0.6939858490566038
0.9445754716981132
0.99312106918239
0.9310141509433962
0.9927279874213837
0.9251179245283019
0.9589229559748428
0.9797562893081762
0.8919025157232704
0.6931996855345912
0.995872641509434
0.9899764150943396
0.7313286163522013
0.6354166666666666
0.8812893081761006
0.9738600628930818
0.8869889937106918
0.9821147798742138
0.6658805031446541
0.9475235849056604
0.953812893081761
0.7906839622641509
0.9194182389937107
0.9152908805031447
0.9929245283018868
0.644064465408805
0.8282232704402516
0.4699292452830189
0.797562893081761
0.7171776729559748
0.4099842767295597
0.9882075471698113
0.9974449685534591
0.9905660377358491
0.9738600628930818
0.7952044025157232
0.8551493710691824
0.9864386792452831
0.9854559748427673
0.9457547169811321
0.8950471698113207
0.9758254716981132
0.8604559748427673
0.8533805031446541
0.815251572327044
0.8209512578616353
0.9746462264150944
0.9640330188679245
0.9956761006289309
0.995872641509434
0.9868317610062893
0.9846698113207547
0.9899764150943396
0.9233490566037735
0.5062893081761006
0.46403301886792453
0.6082940251572327
0.6584119496855346
0.046383647798742135
0.057586477987421385
0.9852594339622641
0.9939072327044025
0.6204795597484277
0.6405267295597484
0.8950471698113207
0.6690251572327044
0.9915487421383647
0.3411949685534591
0.4335691823899371
0.9223663522012578
0.9585298742138365
0.3922955974842767
0.9616745283018868
0.47523584905660377
0.3238993710691824
0.6391509433962265
0.6420990566037735
0.9811320754716981
0.6625393081761006
0.7002751572327044
0.987814465408805
0.6810141509433962
0.684748427672956
0.4088050314465409
0.7116745283018868
0.6914308176100629
0.8781446540880503
0.9711084905660378
0.9190251572327044
0.29205974842767296
0.9375
0.9907625786163522
0.8812893081761006
0.9842767295597484
0.5379323899371069
0.7448899371069182
0.5495283018867925
0.2997248427672956
0.059355345911949686
0.059748427672955975
0.05738993710691824
0.047366352201257865
0.6533018867924528
0.5972877358490566
0.4722877358490566
0.5615172955974843
0.6666666666666666
0.9683569182389937
0.6234276729559748
0.7979559748427673
0.9830974842767296
0.9838836477987422
0.9950864779874213
0.8594732704402516
0.9355345911949685
0.8358883647798742
0.9797562893081762
0.9964622641509434
0.05738993710691824
0.7869496855345912
0.9815251572327044
0.3313679245283019
0.7264150943396226
0.921187106918239
0.5764544025157232
0.9431996855345912
0.9923349056603774
0.9946933962264151
0.8498427672955975
0.9917452830188679
0.991941823899371
0.8865959119496856
0.8337264150943396
0.965998427672956
0.965998427672956
0.5573899371069182
0.909001572327044
0.7272012578616353
0.324685534591195
0.9636399371069182
0.7904874213836478
0.05738993710691824
0.9909591194968553
0.9948899371069182
0.9848663522012578
0.9479166666666666
0.4854559748427673
0.5514937106918238
0.9943003144654088
0.9872248427672956
0.9946933962264151
0.7967767295597484
0.9948899371069182
0.8032625786163522
0.9058569182389937
0.9241352201257862
0.9933176100628931
0.9925314465408805
0.9964622641509434
0.9960691823899371
0.991941823899371
0.983687106918239
0.8531839622641509
0.9198113207547169
0.9587264150943396
0.8011006289308176
0.6635220125786163
0.6016116352201258
0.7714229559748428
0.983687106918239
0.9819182389937107
0.9933176100628931
0.9288522012578616
0.8272405660377359
0.17629716981132076
0.9593160377358491
0.6568396226415094
0.769064465408805
0.5738993710691824
0.6448506289308176
0.8164308176100629
0.9567610062893082
0.9312106918238994
0.9445754716981132
0.9709119496855346
0.9923349056603774
0.9551886792452831
0.9882075471698113
0.9842767295597484
0.8962264150943396
0.8632075471698113
0.9799528301886793
0.96875
0.898191823899371
0.9650157232704403
0.8417845911949685
0.8580974842767296
0.9430031446540881
0.8331367924528302
0.851808176100629
0.7205188679245284
0.9054638364779874
0.956564465408805
0.9268867924528302
0.9310141509433962
0.7735849056603774
0.9237421383647799
0.9286556603773585
0.8417845911949685
0.9259040880503144
0.914308176100629
0.9221698113207547
0.8793238993710691
0.8983883647798742
0.898191823899371
0.8934748427672956
0.8783411949685535
0.8757861635220126
0.8732311320754716
0.8592767295597484
0.8217374213836478
0.48427672955974843
0.42983490566037735
0.5538522012578616
0.6926100628930818
0.7142295597484277
0.4221698113207547
0.6051493710691824
0.3799135220125786
0.38207547169811323
0.7266116352201258
0.6945754716981132
0.49842767295597484
0.3596698113207547
0.590998427672956
0.5662342767295597
0.2861635220125786
0.3028694968553459
0.37480345911949686
0.345125786163522
0.5076650943396226
0.6242138364779874
0.6053459119496856
0.35809748427672955
0.6303066037735849
0.7085298742138365
0.6582154088050315
0.6432783018867925
0.4044811320754717
0.46187106918238996
0.4308176100628931
0.3217374213836478
0.4589229559748428
0.2116745283018868
0.22346698113207547
0.3848270440251572
0.31977201257861637
0.49980345911949686
0.3590801886792453
0.38266509433962265
0.19929245283018868
0.32586477987421386
0.425314465408805
0.27417452830188677
0.2537342767295597
0.3983883647798742
0.2733883647798742
0.5106132075471698
0.2258254716981132
0.5689858490566038
0.3429638364779874
0.5076650943396226
0.4970518867924528
0.44752358490566035
0.2617924528301887
0.20322327044025157
0.39308176100628933
0.2134433962264151
0.28341194968553457
0.25157232704402516
0.2861635220125786
0.3494496855345912
0.4176493710691824
0.3830581761006289
0.514937106918239
0.27122641509433965
0.4027122641509434
0.4331761006289308
0.48997641509433965
0.47071540880503143
0.3746069182389937
0.30345911949685533
0.30915880503144655
0.4036949685534591
0.3920990566037736
0.38580974842767296
0.3830581761006289
0.37401729559748426
0.36595911949685533
0.3645833333333333
0.35495283018867924
0.357311320754717
0.3547562893081761
0.3523977987421384
0.34827044025157233
0.34610849056603776
0.3425707547169811
0.3376572327044025
0.3341194968553459
0.1566430817610063
0.29559748427672955
0.2755503144654088
0.1544811320754717
0.14819182389937108
0.13482704402515724
0.04834905660377359
0.045990566037735846
0.07979559748427673
0.08824685534591195
0.08785377358490566
0.08647798742138364
0.04284591194968553
0.04264937106918239
0.0805817610062893
0.08018867924528301
0.06367924528301887
0.07448899371069183
0.07547169811320754
0.06937893081761007
0.0756682389937107
0.07448899371069183
0.07468553459119497
0.07448899371069183
0.06623427672955975
0.06407232704402516
0.06702044025157233
0.06564465408805031
0.06525157232704402
0.06485849056603774
0.061910377358490566
0.06092767295597484
0.05817610062893082
0.7562893081761006
0.7578616352201258
0.748624213836478
0.7600235849056604
0.7454795597484277
0.754127358490566
0.7586477987421384
0.751375786163522
0.7454795597484277
0.7454795597484277
0.7444968553459119
0.7547169811320755
0.7511792452830188
0.7531446540880503
0.745872641509434
0.754127358490566
0.7586477987421384
0.7519654088050315
0.7443003144654088
0.7470518867924528
